Item Profit Weight
 0    893    517    
 1    248    570    
 2    613    354    
 3    139    846    
 4    370    634    
 5    94    986    
 6    515    751    
 7    644    209    
 8    180    477    
 9    221    790    
 10    382    139    
 11    312    681    
 12    629    891    
 13    372    36    
 14    447    761    
 15    149    45    
 16    843    560    
 17    486    482    
 18    149    748    
 19    443    663    
Total Benefit: 4633
Items in KnapSack: [17, 16, 15, 13, 12, 10, 7, 6, 2]
